            Feature  Skewness
0         frequency  2.740733
5    frequency_sqrt  2.523383
1   frequency_log1p  2.474611
6    frequency_cube  2.468034
2   frequency_log10  2.378726
4    frequency_yeoh  2.158531
3  frequency_boxcox  2.158531
           Feature  Skewness
0         monetary  3.852180
5    monetary_sqrt  1.886346
6    monetary_cube  1.356720
1   monetary_log1p  0.486226
2   monetary_log10  0.466805
4    monetary_yeoh  0.019956
3  monetary_boxcox  0.018082
                      count          mean         std       min         1%  \
recency             91393.0  2.368534e+02  152.456559  0.000000   8.000000   
frequency           91393.0  1.153382e+00    0.412486  1.000000   1.000000   
monetary            91393.0  1.758386e+02  213.591769  9.590000  22.700000   
frequency_log1p     91393.0  7.529655e-01    0.157140  0.693147   0.693147   
frequency_log10     91393.0  4.365571e-02    0.113703  0.000000   0.000000   
frequency_boxcox    91393.0 -3.560760e-17    1.000005 -0.392070  -0.392070   
frequency_yeoh      91393.0 -6.426045e-11    1.000005 -0.392070  -0.392070   
frequency_sqrt      91393.0  1.061591e+00    0.162498  1.000000   1.000000   
frequency_cube      91393.0  1.038304e+00    0.100565  1.000000   1.000000   
frequency_selected  91393.0 -6.426045e-11    1.000005 -0.392070  -0.392070   
monetary_log1p      91393.0  4.769344e+00    0.846923  2.359910   3.165475   
monetary_log10      91393.0  2.066213e+00    0.371350  0.981819   1.356026   
monetary_boxcox     91393.0  1.029511e-15    1.000005 -3.770397  -2.219329   
monetary_yeoh       91393.0  9.493547e-16    1.000005 -3.692593  -2.210756   
monetary_sqrt       91393.0  1.189706e+01    5.856524  3.096773   4.764452   
monetary_cube       91393.0  5.095233e+00    1.580843  2.124579   2.831448   
monetary_selected   91393.0  9.493547e-16    1.000005 -3.692593  -2.210756   

                           5%        10%         25%         50%         75%  \
recency             22.000000  41.000000  113.000000  218.000000  345.000000   
frequency            1.000000   1.000000    1.000000    1.000000    1.000000   
monetary            32.548000  40.000000   63.100000  110.880000  194.640000   
frequency_log1p      0.693147   0.693147    0.693147    0.693147    0.693147   
frequency_log10      0.000000   0.000000    0.000000    0.000000    0.000000   
frequency_boxcox    -0.392070  -0.392070   -0.392070   -0.392070   -0.392070   
frequency_yeoh      -0.392070  -0.392070   -0.392070   -0.392070   -0.392070   
frequency_sqrt       1.000000   1.000000    1.000000    1.000000    1.000000   
frequency_cube       1.000000   1.000000    1.000000    1.000000    1.000000   
frequency_selected  -0.392070  -0.392070   -0.392070   -0.392070   -0.392070   
monetary_log1p       3.512977   3.713572    4.160444    4.717427    5.276276   
monetary_log10       1.512524   1.602060    1.800029    2.044853    2.289232   
monetary_boxcox     -1.645390  -1.335044   -0.692353    0.026011    0.667148   
monetary_yeoh       -1.644889  -1.336536   -0.694520    0.025868    0.668845   
monetary_sqrt        5.705085   6.324555    7.943551   10.529957   13.951344   
monetary_cube        3.192822   3.419952    3.981161    4.804163    5.795319   
monetary_selected   -1.644889  -1.336536   -0.694520    0.025868    0.668845   

                           90%         95%          99%          max  
recency             464.000000  518.000000   574.000000   694.000000  
frequency             2.000000    2.000000     3.000000     3.000000  
monetary            365.320000  565.250000  1148.041600  2133.690000  
frequency_log1p       1.098612    1.098612     1.386294     1.386294  
frequency_log10       0.301030    0.301030     0.477121     0.477121  
frequency_boxcox      2.550102    2.550102     2.553157     2.553157  
frequency_yeoh        2.550038    2.550038     2.553520     2.553520  
frequency_sqrt        1.414214    1.414214     1.732051     1.732051  
frequency_cube        1.259921    1.259921     1.442250     1.442250  
frequency_selected    2.550038    2.550038     2.553520     2.553520  
monetary_log1p        5.903507    6.339036     7.046683     7.666077  
monetary_log10        2.562673    2.752241     3.059958     3.329131  
monetary_boxcox       1.304477    1.701773     2.277638     2.719009  
monetary_yeoh         1.306179    1.701897     2.272537     2.707019  
monetary_sqrt        19.113346   23.774987    33.882763    46.191882  
monetary_cube         7.148657    8.268249    10.470945    12.873909  
monetary_selected     1.306179    1.701897     2.272537     2.707019  
       recency  frequency_selected  monetary_selected
0          111            -0.39207           0.316722
1          114            -0.39207          -1.923088
2          536            -0.39207          -0.285795
3          320            -0.39207          -1.210315
4          287            -0.39207           0.681231
...        ...                 ...                ...
93329      244            -0.39207           0.503139
93331      261            -0.39207          -0.310230
93332      567            -0.39207           0.042942
93333      118            -0.39207           0.247760
93334      483            -0.39207          -0.526822

[91393 rows x 3 columns]
             count          mean         std       min        1%         5%  \
recency    91393.0  2.368534e+02  152.456559  0.000000  8.000000  22.000000   
frequency  91393.0 -6.426045e-11    1.000005 -0.392070 -0.392070  -0.392070   
monetary   91393.0  9.493547e-16    1.000005 -3.692593 -2.210756  -1.644889   

                 10%        25%         50%         75%         90%  \
recency    41.000000  113.00000  218.000000  345.000000  464.000000   
frequency  -0.392070   -0.39207   -0.392070   -0.392070    2.550038   
monetary   -1.336536   -0.69452    0.025868    0.668845    1.306179   

                  95%         99%         max  
recency    518.000000  574.000000  694.000000  
frequency    2.550038    2.553520    2.553520  
monetary     1.701897    2.272537    2.707019  
