Importing ../08-rfmd-final-processing/rfmd_final.pkl
Importing ../05-outlier/rfmd_clean.pkl
Importing ../08-rfmd-final-processing/state_mapping.pkl
    eps  Clusters  Noise Ratio  Silhouette Score
0  0.20        58        0.006            0.0561
1  0.25        31        0.003            0.0952
2  0.30        23        0.002            0.1054
3  0.35        22        0.001            0.1164
4  0.40        19        0.001            0.1222
5  0.45        18        0.001            0.1229
6  0.50        17        0.001            0.1231
7  0.55        15        0.000            0.1250
8  0.60        12        0.000            0.1355
Silhouette Score : 0.11562298799171378
    recency  frequency  monetary  State       Code  DBSCAN_Cluster
0 -0.825508   -0.39207  0.316722      4  Southeast               0
1 -0.805830   -0.39207 -1.923088      4  Southeast               0
2  1.962187   -0.39207 -0.285795      3      South               1
3  0.545382   -0.39207 -1.210315      1      North               2
4  0.328926   -0.39207  0.681231      4  Southeast               0
Filtered data shape (excluding noise): (91295, 6)
    recency  frequency  monetary  State  Cluster
0 -0.825508   -0.39207  0.316722      4        0
1 -0.805830   -0.39207 -1.923088      4        0
2  1.962187   -0.39207 -0.285795      3        1
3  0.545382   -0.39207 -1.210315      1        2
4  0.328926   -0.39207  0.681231      4        0
   recency  frequency  monetary  State  Cluster
0      111          1    141.90      4        0
1      114          1     27.19      4        0
2      536          1     86.22      3        1
3      320          1     43.62      1        2
4      287          1    196.89      4        0
DBSCAN cluster summary:
           Mean R    Mean F    Mean M  Number of Customer  Percentage (%)  \
Cluster                                                                     
-1       1.450161  1.679805 -0.298841                  98            0.11   
 0      -0.032245 -0.392070 -0.205044               54054           59.14   
 1       0.046525 -0.392070 -0.104000               11300           12.36   
 2       0.155631 -0.392070  0.248011                1496            1.64   
 3       0.026020  2.550545  0.958338                1765            1.93   
 4       0.046935 -0.392070  0.155880                7556            8.27   
 5      -0.024182  2.550566  0.856505                8405            9.20   
 6      -0.048172  2.550584  1.139480                 701            0.77   
 7      -0.027367 -0.392070 -0.028665                4585            5.02   
 8       2.979593 -0.392070 -0.087105                 137            0.15   
 9       0.129922  2.550562  0.980930                1017            1.11   
 10      0.112015  2.550585  1.370653                 159            0.17   
 11      1.065439  2.550535 -0.576725                  14            0.02   
 12      2.977704 -0.392070 -0.335170                  28            0.03   
 13      2.974940 -0.392070 -0.709124                   5            0.01   
 14      2.971067 -0.392070  0.186606                  21            0.02   
 15     -0.605772  2.550473 -1.504125                   8            0.01   
 16      1.186552  2.550038 -1.676654                   4            0.00   
 17      2.980419  2.550857  1.454700                  17            0.02   
 18      2.973628 -0.392070  1.169812                   5            0.01   
 19      1.551138  2.550038 -1.435398                   6            0.01   
 20     -0.216588  2.550618 -1.033753                   6            0.01   
 21     -0.489891  2.550618 -0.371033                   6            0.01   

         Mid-West   North  Northeast    South  Southeast  
Cluster                                                   
-1           21.0    42.0       10.0     14.0       11.0  
 0            0.0     0.0        0.0      0.0    54054.0  
 1            0.0     0.0        0.0  11300.0        0.0  
 2            0.0  1496.0        0.0      0.0        0.0  
 3            0.0     0.0        0.0   1765.0        0.0  
 4            0.0     0.0     7556.0      0.0        0.0  
 5            0.0     0.0        0.0      0.0     8405.0  
 6          701.0     0.0        0.0      0.0        0.0  
 7         4585.0     0.0        0.0      0.0        0.0  
 8            0.0     0.0        0.0      0.0      137.0  
 9            0.0     0.0     1017.0      0.0        0.0  
 10           0.0   159.0        0.0      0.0        0.0  
 11          14.0     0.0        0.0      0.0        0.0  
 12           0.0     0.0        0.0     28.0        0.0  
 13           5.0     0.0        0.0      0.0        0.0  
 14           0.0     0.0       21.0      0.0        0.0  
 15           8.0     0.0        0.0      0.0        0.0  
 16           0.0     0.0        4.0      0.0        0.0  
 17           0.0     0.0        0.0      0.0       17.0  
 18           0.0     0.0        0.0      5.0        0.0  
 19           6.0     0.0        0.0      0.0        0.0  
 20           6.0     0.0        0.0      0.0        0.0  
 21           0.0     6.0        0.0      0.0        0.0  
DBSCAN cluster summary (Original Data):
             Mean R    Mean F      Mean M  Number of Customer  Percentage (%)  \
Cluster                                                                         
-1       457.938776  1.816327  329.388163                  98            0.11   
 0       231.937562  1.000000  138.978505               54054           59.14   
 1       243.946460  1.000000  148.931435               11300           12.36   
 2       260.580214  1.000000  207.846344                1496            1.64   
 3       240.820397  2.145609  371.058742                1765            1.93   
 4       244.008867  1.000000  185.042753                7556            8.27   
 5       233.166686  2.151814  346.658128                8405            9.20   
 6       229.509272  2.156919  417.303723                 701            0.77   
 7       232.681134  1.000000  161.862284                4585            5.02   
 8       691.109489  1.000000  162.656861                 137            0.15   
 9       256.660767  2.150442  402.045556                1017            1.11   
 10      253.930818  2.157233  505.852893                 159            0.17   
 11      399.285714  2.142857   69.712857                  14            0.02   
 12      690.821429  1.000000   92.156429                  28            0.03   
 13      690.400000  1.000000   63.114000                   5            0.01   
 14      689.809524  1.000000  146.687619                  21            0.02   
 15      144.500000  2.125000   36.058750                   8            0.01   
 16      417.750000  2.000000   31.935000                   4            0.00   
 17      691.235294  2.235294  523.480588                  17            0.02   
 18      690.200000  1.000000  324.812000                   5            0.01   
 19      473.333333  2.000000   37.475000                   6            0.01   
 20      203.833333  2.166667   49.778333                   6            0.01   
 21      162.166667  2.166667   81.781667                   6            0.01   

         Mid-West   North  Northeast    South  Southeast  
Cluster                                                   
-1           21.0    42.0       10.0     14.0       11.0  
 0            0.0     0.0        0.0      0.0    54054.0  
 1            0.0     0.0        0.0  11300.0        0.0  
 2            0.0  1496.0        0.0      0.0        0.0  
 3            0.0     0.0        0.0   1765.0        0.0  
 4            0.0     0.0     7556.0      0.0        0.0  
 5            0.0     0.0        0.0      0.0     8405.0  
 6          701.0     0.0        0.0      0.0        0.0  
 7         4585.0     0.0        0.0      0.0        0.0  
 8            0.0     0.0        0.0      0.0      137.0  
 9            0.0     0.0     1017.0      0.0        0.0  
 10           0.0   159.0        0.0      0.0        0.0  
 11          14.0     0.0        0.0      0.0        0.0  
 12           0.0     0.0        0.0     28.0        0.0  
 13           5.0     0.0        0.0      0.0        0.0  
 14           0.0     0.0       21.0      0.0        0.0  
 15           8.0     0.0        0.0      0.0        0.0  
 16           0.0     0.0        4.0      0.0        0.0  
 17           0.0     0.0        0.0      0.0       17.0  
 18           0.0     0.0        0.0      5.0        0.0  
 19           6.0     0.0        0.0      0.0        0.0  
 20           6.0     0.0        0.0      0.0        0.0  
 21           0.0     6.0        0.0      0.0        0.0  

Summarizing cluster information v2...

Cluster percentages and state distribution
         Number of Customer  Percentage (%)     0     1     2      3      4
Cluster                                                                    
-1                       98            0.11    21    42    10     14     11
 0                    54054           59.14     0     0     0      0  54054
 1                    11300           12.36     0     0     0  11300      0
 2                     1496            1.64     0  1496     0      0      0
 3                     1765            1.93     0     0     0   1765      0
 4                     7556            8.27     0     0  7556      0      0
 5                     8405            9.20     0     0     0      0   8405
 6                      701            0.77   701     0     0      0      0
 7                     4585            5.02  4585     0     0      0      0
 8                      137            0.15     0     0     0      0    137
 9                     1017            1.11     0     0  1017      0      0
 10                     159            0.17     0   159     0      0      0
 11                      14            0.02    14     0     0      0      0
 12                      28            0.03     0     0     0     28      0
 13                       5            0.01     5     0     0      0      0
 14                      21            0.02     0     0    21      0      0
 15                       8            0.01     8     0     0      0      0
 16                       4            0.00     0     0     4      0      0
 17                      17            0.02     0     0     0      0     17
 18                       5            0.01     0     0     0      5      0
 19                       6            0.01     6     0     0      0      0
 20                       6            0.01     6     0     0      0      0
 21                       6            0.01     0     6     0      0      0

Per-cluster statistic

Cluster -1
           count        mean         std   min      1%       5%     10%  \
recency     98.0  457.938776  212.891910  3.00  11.730  45.0500  146.80   
frequency   98.0    1.816327    0.615051  1.00   1.000   1.0000    1.00   
monetary    98.0  329.388163  551.600022  9.59  12.791  17.7545   19.77   
State       98.0    1.510204    1.286287  0.00   0.000   0.0000    0.00   

               25%     50%      75%       90%       95%       99%      max  
recency    318.000  475.50  689.750   693.000   693.000   694.000   694.00  
frequency    1.000    2.00    2.000     3.000     3.000     3.000     3.00  
monetary    33.445   68.49  262.425  1298.745  1800.062  2094.446  2094.64  
State        1.000    1.00    2.750     4.000     4.000     4.000     4.00  

Cluster 0
             count        mean         std    min     1%     5%    10%  \
recency    54054.0  231.937562  150.965440   0.00   7.00  21.00  38.00   
frequency  54054.0    1.000000    0.000000   1.00   1.00   1.00   1.00   
monetary   54054.0  138.978505  166.851997  10.07  21.38  29.92  36.46   
State      54054.0    4.000000    0.000000   4.00   4.00   4.00   4.00   

               25%     50%     75%     90%       95%       99%      max  
recency    110.000  213.00  338.00  460.00  514.0000  569.0000   600.00  
frequency    1.000    1.00    1.00    1.00    1.0000    1.0000     1.00  
monetary    56.105   94.31  159.71  258.51  376.3705  887.5111  2115.05  
State        4.000    4.00    4.00    4.00    4.0000    4.0000     4.00  

Cluster 1
             count        mean         std    min     1%    5%    10%  \
recency    11300.0  243.946460  151.277125   0.00  10.00  24.0  46.00   
frequency  11300.0    1.000000    0.000000   1.00   1.00   1.0   1.00   
monetary   11300.0  148.931435  177.535943  16.62  27.04  34.0  40.15   
State      11300.0    3.000000    0.000000   3.00   3.00   3.0   3.00   

                25%     50%       75%      90%     95%       99%      max  
recency    123.0000  225.00  357.0000  469.000  520.00  571.0000   601.00  
frequency    1.0000    1.00    1.0000    1.000    1.00    1.0000     1.00  
monetary    61.9525  100.67  166.5225  280.739  411.21  984.8603  2096.14  
State        3.0000    3.00    3.0000    3.000    3.00    3.0000     3.00  

Cluster 2
            count        mean         std    min      1%       5%    10%  \
recency    1496.0  260.580214  156.724056   7.00  17.000  30.7500  49.00   
frequency  1496.0    1.000000    0.000000   1.00   1.000   1.0000   1.00   
monetary   1496.0  207.846344  238.659056  26.13  35.549  44.9575  53.62   
State      1496.0    1.000000    0.000000   1.00   1.000   1.0000   1.00   

              25%     50%       75%     90%      95%       99%      max  
recency    132.00  246.00  377.0000  492.00  528.000   572.050   594.00  
frequency    1.00    1.00    1.0000    1.00    1.000     1.000     1.00  
monetary    75.53  135.98  227.2475  397.54  667.245  1279.808  2114.63  
State        1.00    1.00    1.0000    1.00    1.000     1.000     1.00  

Cluster 3
            count        mean         std    min     1%    5%     10%    25%  \
recency    1765.0  240.820397  152.493697   0.00  10.64  23.0  42.000  115.0   
frequency  1765.0    2.145609    0.352814   2.00   2.00   2.0   2.000    2.0   
monetary   1765.0  371.058742  309.394863  29.88  38.24  67.5  95.656  160.3   
State      1765.0    3.000000    0.000000   3.00   3.00   3.0   3.000    3.0   

              50%     75%      90%      95%        99%      max  
recency    221.00  357.00  466.000  512.800   575.0000   601.00  
frequency    2.00    2.00    3.000    3.000     3.0000     3.00  
monetary   280.12  476.86  750.698  964.424  1574.1072  2064.88  
State        3.00    3.00    3.000    3.000     3.0000     3.00  

Cluster 4
            count        mean         std    min       1%     5%     10%  \
recency    7556.0  244.008867  151.454549   5.00  13.0000  27.00  45.000   
frequency  7556.0    1.000000    0.000000   1.00   1.0000   1.00   1.000   
monetary   7556.0  185.042753  207.712652  18.59  31.6765  41.76  49.935   
State      7556.0    2.000000    0.000000   2.00   2.0000   2.00   2.000   

              25%      50%       75%      90%       95%       99%      max  
recency    119.00  228.000  356.0000  470.000  517.0000   572.000   600.00  
frequency    1.00    1.000    1.0000    1.000    1.0000     1.000     1.00  
monetary    74.67  125.005  205.5075  359.705  574.6725  1133.539  2111.57  
State        2.00    2.000    2.0000    2.000    2.0000     2.000     2.00  

Cluster 5
            count        mean         std    min       1%     5%     10%  \
recency    8405.0  233.166686  148.847486   0.00   8.0000  23.00  42.000   
frequency  8405.0    2.151814    0.358862   2.00   2.0000   2.00   2.000   
monetary   8405.0  346.658128  306.083508  16.37  31.2936  57.72  84.644   
State      8405.0    4.000000    0.000000   4.00   4.0000   4.00   4.000   

              25%     50%     75%      90%      95%        99%      max  
recency    112.00  215.00  338.00  457.000  512.000   568.0000   597.00  
frequency    2.00    2.00    2.00    3.000    3.000     3.0000     3.00  
monetary   145.92  257.24  440.06  719.504  948.864  1599.5336  2125.44  
State        4.00    4.00    4.00    4.000    4.000     4.0000     4.00  

Cluster 6
           count        mean         std    min     1%      5%     10%  \
recency    701.0  229.509272  146.731257   6.00  10.00   27.00   42.00   
frequency  701.0    2.156919    0.363984   2.00   2.00    2.00    2.00   
monetary   701.0  417.303723  333.227078  45.28  77.32  105.28  132.18   
State      701.0    0.000000    0.000000   0.00   0.00    0.00    0.00   

              25%    50%     75%     90%      95%     99%      max  
recency    112.00  213.0  329.00  449.00   496.00   578.0   593.00  
frequency    2.00    2.0    2.00    3.00     3.00     3.0     3.00  
monetary   192.88  320.9  530.92  798.48  1032.96  1869.3  2132.16  
State        0.00    0.0    0.00    0.00     0.00     0.0     0.00  

Cluster 7
            count        mean         std   min       1%      5%    10%  \
recency    4585.0  232.681134  146.464474   2.0  10.0000  24.000  42.00   
frequency  4585.0    1.000000    0.000000   1.0   1.0000   1.000   1.00   
monetary   4585.0  161.862284  193.404203  20.6  27.7252  34.658  42.69   
State      4585.0    0.000000    0.000000   0.0   0.0000   0.000   0.00   

             25%    50%     75%     90%     95%        99%      max  
recency    115.0  216.0  332.00  452.00  501.00   567.0000   592.00  
frequency    1.0    1.0    1.00    1.00    1.00     1.0000     1.00  
monetary    64.1  108.0  178.22  310.24  478.18  1054.7576  2133.69  
State        0.0    0.0    0.00    0.00    0.00     0.0000     0.00  

Cluster 8
           count        mean         std     min        1%      5%      10%  \
recency    137.0  691.109489    1.991448  687.00  687.0000  688.00  688.000   
frequency  137.0    1.000000    0.000000    1.00    1.0000    1.00    1.000   
monetary   137.0  162.656861  197.776721   20.11   26.4424   34.42   38.516   
State      137.0    4.000000    0.000000    4.00    4.0000    4.00    4.000   

              25%     50%    75%      90%      95%      99%      max  
recency    690.00  691.00  693.0  693.400  694.000  694.000   694.00  
frequency    1.00    1.00    1.0    1.000    1.000    1.000     1.00  
monetary    60.86   99.23  162.6  328.476  482.032  977.048  1423.55  
State        4.00    4.00    4.0    4.000    4.000    4.000     4.00  

Cluster 9
            count        mean         std    min       1%      5%     10%  \
recency    1017.0  256.660767  145.243639  10.00  16.0000  36.800  64.600   
frequency  1017.0    2.150442    0.357680   2.00   2.0000   2.000   2.000   
monetary   1017.0  402.045556  346.801916  32.62  40.3816  59.126  81.824   
State      1017.0    2.000000    0.000000   2.00   2.0000   2.000   2.000   

              25%     50%     75%      90%     95%       99%      max  
recency    143.00  250.00  361.00  470.400   509.0   566.680   581.00  
frequency    2.00    2.00    2.00    3.000     3.0     3.000     3.00  
monetary   162.94  292.64  521.01  895.104  1110.4  1644.024  2066.34  
State        2.00    2.00    2.00    2.000     2.0     2.000     2.00  

Cluster 10
           count        mean         std     min        1%       5%     10%  \
recency    159.0  253.930818  154.572015   19.00   25.5800   38.800   59.60   
frequency  159.0    2.157233    0.365170    2.00    2.0000    2.000    2.00   
monetary   159.0  505.852893  358.753466  105.14  131.7118  147.909  168.93   
State      159.0    1.000000    0.000000    1.00    1.0000    1.000    1.00   

               25%     50%     75%      90%       95%        99%      max  
recency    136.000  230.00  347.50  499.200   521.100   563.2600   573.00  
frequency    2.000    2.00    2.00    3.000     3.000     3.0000     3.00  
monetary   246.345  390.09  631.91  940.254  1205.608  1792.5428  2101.59  
State        1.000    1.00    1.00    1.000     1.000     1.0000     1.00  

Cluster 11
           count        mean        std    min       1%       5%      10%  \
recency     14.0  399.285714  35.780159  349.0  350.690  357.450  362.000   
frequency   14.0    2.142857   0.363137    2.0    2.000    2.000    2.000   
monetary    14.0   69.712857  10.323782   56.5   56.721   57.605   59.274   
State       14.0    0.000000   0.000000    0.0    0.000    0.000    0.000   

                25%      50%      75%      90%       95%       99%     max  
recency    366.5000  399.000  418.000  438.500  456.8500  472.9700  477.00  
frequency    2.0000    2.000    2.000    2.700    3.0000    3.0000    3.00  
monetary    62.1175   67.635   74.095   84.637   86.7765   89.0593   89.63  
State        0.0000    0.000    0.000    0.000    0.0000    0.0000    0.00  

Cluster 12
           count        mean        std     min       1%        5%      10%  \
recency     28.0  690.821429   2.326236  687.00  687.000  687.0000  687.700   
frequency   28.0    1.000000   0.000000    1.00    1.000    1.0000    1.000   
monetary    28.0   92.156429  41.199520   39.09   40.818   45.5635   51.321   
State       28.0    3.000000   0.000000    3.00    3.000    3.0000    3.000   

                25%      50%     75%      90%      95%       99%     max  
recency    688.7500  691.000  693.00  694.000  694.000  694.0000  694.00  
frequency    1.0000    1.000    1.00    1.000    1.000    1.0000    1.00  
monetary    62.1575   86.555  113.17  152.714  155.478  199.1148  214.98  
State        3.0000    3.000    3.00    3.000    3.000    3.0000    3.00  

Cluster 13
           count     mean       std     min       1%      5%     10%     25%  \
recency      5.0  690.400  1.341641  689.00  689.000  689.00  689.00  689.00   
frequency    5.0    1.000  0.000000    1.00    1.000    1.00    1.00    1.00   
monetary     5.0   63.114  9.444190   51.05   51.246   52.03   53.01   55.95   
State        5.0    0.000  0.000000    0.00    0.000    0.00    0.00    0.00   

             50%     75%      90%      95%       99%     max  
recency    691.0  691.00  691.600  691.800  691.9600  692.00  
frequency    1.0    1.00    1.000    1.000    1.0000    1.00  
monetary    65.7   68.72   71.978   73.064   73.9328   74.15  
State        0.0    0.00    0.000    0.000    0.0000    0.00  

Cluster 14
           count        mean        std     min       1%      5%     10%  \
recency     21.0  689.809524   2.337072  687.00  687.000  687.00  687.00   
frequency   21.0    1.000000   0.000000    1.00    1.000    1.00    1.00   
monetary    21.0  146.687619  73.900354   64.83   66.812   74.74   75.84   
State       21.0    2.000000   0.000000    2.00    2.000    2.00    2.00   

              25%     50%     75%     90%     95%      99%     max  
recency    688.00  689.00  691.00  693.00  694.00  694.000  694.00  
frequency    1.00    1.00    1.00    1.00    1.00    1.000    1.00  
monetary    79.99  116.89  194.85  264.08  273.77  277.002  277.81  
State        2.00    2.00    2.00    2.00    2.00    2.000    2.00  

Cluster 15
           count       mean        std    min       1%      5%      10%  \
recency      8.0  144.50000  35.213634  85.00  87.3800  96.900  108.800   
frequency    8.0    2.12500   0.353553   2.00   2.0000   2.000    2.000   
monetary     8.0   36.05875   4.796345  30.18  30.1828  30.194   30.208   
State        8.0    0.00000   0.000000   0.00   0.0000   0.000    0.000   

                25%     50%       75%      90%       95%       99%     max  
recency    129.5000  147.50  156.2500  176.200  191.6000  203.9200  207.00  
frequency    2.0000    2.00    2.0000    2.300    2.6500    2.9300    3.00  
monetary    31.6525   37.16   38.6875   41.191   42.1605   42.9361   43.13  
State        0.0000    0.00    0.0000    0.000    0.0000    0.0000    0.00  

Cluster 16
           count     mean        std     min       1%      5%     10%     25%  \
recency      4.0  417.750  41.451779  363.00  364.500  370.50  378.00  400.50   
frequency    4.0    2.000   0.000000    2.00    2.000    2.00    2.00    2.00   
monetary     4.0   31.935   2.029540   29.29   29.362   29.65   30.01   31.09   
State        4.0    2.000   0.000000    2.00    2.000    2.00    2.00    2.00   

              50%      75%     90%      95%      99%     max  
recency    423.50  440.750  452.90  456.950  460.190  461.00  
frequency    2.00    2.000    2.00    2.000    2.000    2.00  
monetary    32.16   33.005   33.68   33.905   34.085   34.13  
State        2.00    2.000    2.00    2.000    2.000    2.00  

Cluster 17
           count        mean         std     min        1%       5%      10%  \
recency     17.0  691.235294    1.601929  688.00  688.1600  688.800  689.000   
frequency   17.0    2.235294    0.437237    2.00    2.0000    2.000    2.000   
monetary    17.0  523.480588  312.131053  161.24  170.2704  206.392  217.896   
State       17.0    4.000000    0.000000    4.00    4.0000    4.000    4.000   

              25%     50%     75%       90%       95%        99%      max  
recency    690.00  691.00  693.00   693.000   693.000   693.0000   693.00  
frequency    2.00    2.00    2.00     3.000     3.000     3.0000     3.00  
monetary   294.17  448.64  676.92  1053.736  1074.002  1086.9364  1090.17  
State        4.00    4.00    4.00     4.000     4.000     4.0000     4.00  

Cluster 18
           count     mean        std     min        1%       5%      10%  \
recency      5.0  690.200   1.303840  689.00  689.0000  689.000  689.000   
frequency    5.0    1.000   0.000000    1.00    1.0000    1.000    1.000   
monetary     5.0  324.812  77.367138  265.95  265.9564  265.982  266.014   
State        5.0    3.000   0.000000    3.00    3.0000    3.000    3.000   

              25%    50%     75%      90%      95%       99%     max  
recency    689.00  690.0  691.00  691.600  691.800  691.9600  692.00  
frequency    1.00    1.0    1.00    1.000    1.000    1.0000    1.00  
monetary   266.11  317.9  319.09  400.642  427.826  449.5732  455.01  
State        3.00    3.0    3.00    3.000    3.000    3.0000    3.00  

Cluster 19
           count        mean        std    min       1%       5%     10%  \
recency      6.0  473.333333  35.942547  423.0  424.200  429.000  435.00   
frequency    6.0    2.000000   0.000000    2.0    2.000    2.000    2.00   
monetary     6.0   37.475000   2.216806   35.0   35.035   35.175   35.35   
State        6.0    0.000000   0.000000    0.0    0.000    0.000    0.00   

              25%     50%     75%      90%       95%       99%     max  
recency    452.00  472.00  501.00  513.000  515.0000  516.6000  517.00  
frequency    2.00    2.00    2.00    2.000    2.0000    2.0000    2.00  
monetary    35.72   37.39   39.21   39.685   39.8875   40.0495   40.09  
State        0.00    0.00    0.00    0.000    0.0000    0.0000    0.00  

Cluster 20
           count        mean        std    min        1%        5%      10%  \
recency      6.0  203.833333  31.657016  147.0  149.3000  158.5000  170.000   
frequency    6.0    2.166667   0.408248    2.0    2.0000    2.0000    2.000   
monetary     6.0   49.778333   6.282313   39.1   39.4795   40.9975   42.895   
State        6.0    0.000000   0.000000    0.0    0.0000    0.0000    0.000   

               25%     50%      75%     90%     95%      99%     max  
recency    196.500  209.50  227.000  232.00  232.00  232.000  232.00  
frequency    2.000    2.00    2.000    2.50    2.75    2.950    3.00  
monetary    47.295   51.17   54.205   55.27   55.64   55.936   56.01  
State        0.000    0.00    0.000    0.00    0.00    0.000    0.00  

Cluster 21
           count        mean        std     min       1%       5%     10%  \
recency      6.0  162.166667  22.639935  132.00  132.700  135.500  139.00   
frequency    6.0    2.166667   0.408248    2.00    2.000    2.000    2.00   
monetary     6.0   81.781667  13.606994   66.36   66.389   66.505   66.65   
State        6.0    1.000000   0.000000    1.00    1.000    1.000    1.00   

                25%     50%       75%      90%       95%       99%     max  
recency    148.7500  160.50  175.2500  187.000  191.0000  194.2000  195.00  
frequency    2.0000    2.00    2.0000    2.500    2.7500    2.9500    3.00  
monetary    70.9925   84.38   85.9325   94.315   98.4525  101.7625  102.59  
State        1.0000    1.00    1.0000    1.000    1.0000    1.0000    1.00  
Saving to rfmd_dbscan.pkl
Saving to rfmd_dbscan_clean.pkl
